[Global]
generateDatabase = true
simulateGivenControlPoint = false
writeOnlySuccessful = true
deflectionRes = 30
trajectoryRes = 30
slitSize = 0.005

[Object]
objectLength = 0.040
objectWidth = 0.015
objectThickness = 0.002 
objectDensity = 1150
objectYoungsModulus = 3.6E6

[Simulation]
cpX = 2.05406522033470900768e-001
cpY = 7.15138585839611355992e-010
cpZ = 2.80425138943776353084e-001

[Database]
granularity = 20